version https://git-lfs.github.com/spec/v1
oid sha256:e9120d3c1fc24881fd4f472c51b5f9a48408634dfb8793b98538f0216b2d20f6
size 1506
