version https://git-lfs.github.com/spec/v1
oid sha256:11be6061a4e8a2bd3267d2ae4e866152fcc24224be88dadb7e7791f318e04b68
size 260
