version https://git-lfs.github.com/spec/v1
oid sha256:1a32045492b0778344aa64fc955e9084b9e8e770a6273ef1a64a884acca7ab39
size 301
