version https://git-lfs.github.com/spec/v1
oid sha256:d30c53cf029770244089460790bb741023a70a7689f0079e0fff736cea0cfbea
size 378
