version https://git-lfs.github.com/spec/v1
oid sha256:5851ae7f685884050e392c5d27b973c3e57277e19b77d8102cace2b3ff3026d3
size 2385
