version https://git-lfs.github.com/spec/v1
oid sha256:3d6749e01ed54143fbc33fe876e9f305673e3a31308db5ae7a2f8b7123aef6b3
size 2488
