version https://git-lfs.github.com/spec/v1
oid sha256:58ed1599dca21f6407cdf1c7d163cdb64dcf3a86a5dd9368fae3110fb56d1f9c
size 9369
