version https://git-lfs.github.com/spec/v1
oid sha256:02b399aab3bb6250243db8b586e30ef7980669c518ed1f9131c115c21eeaad4d
size 967
